 User 0 535e96c872696e05c1a80000
('AAH320', 25, 4, 1400, 1520, 4, 1400, 1520)
('HIS372', 12, 2, 1400, 1520, 2, 1400, 1520)
('COM242', 49, 1, 1700, 1820, 4, 1700, 1820)
('WGS365', 29, 2, 1700, 1820, 2, 1700, 1820)
 User 1 535e96c872696e05c1a90000
('CSC307', 21, 1, 1400, 1520, 1, 1400, 1520)
('MUS406', 5, 2, 1700, 1820, 2, 1700, 1820)
('AAH320', 25, 4, 1400, 1520, 4, 1400, 1520)
('MUS421', 6, 1, 1230, 1350, 4, 1230, 1350)
 User 2 535e96c872696e05c1aa0000
('JPN101', 28, 2, 1000, 1120, 5, 1000, 1120)
(-1, 'EMPTY', 0, 0, 0, 0, 0, 0, 0)
(-1, 'EMPTY', 0, 0, 0, 0, 0, 0, 0)
(-1, 'EMPTY', 0, 0, 0, 0, 0, 0, 0)
 User 3 535e96c872696e05c1ab0000
('BUS495', 19, 5, 1230, 1350, 5, 1230, 1350)
('MUS406', 5, 2, 1700, 1820, 2, 1700, 1820)
('PER251', 17, 1, 1230, 1350, 1, 1230, 1350)
('PHL421', 44, 1, 1700, 1820, 4, 1700, 1820)
 User 4 535e96c872696e05c1ac0000
('JPN101', 28, 2, 1000, 1120, 5, 1000, 1120)
('PHL421', 41, 1, 1700, 1820, 1, 1700, 1820)
('NURS665', 10, 2, 1400, 1520, 2, 1400, 1520)
('MUS497', 22, 2, 1230, 1350, 2, 1230, 1350)
 User 5 535e96c872696e05c1ad0000
('PHY426', 45, 4, 1230, 1350, 4, 1230, 1350)
('AAH391', 0, 1, 1000, 1120, 4, 1000, 1120)
('MUS406', 5, 2, 1700, 1820, 2, 1700, 1820)
('CSC307', 21, 1, 1400, 1520, 1, 1400, 1520)
 User 6 535e96c872696e05c1ae0000
('PHL421', 41, 1, 1700, 1820, 1, 1700, 1820)
('HIS372', 12, 2, 1400, 1520, 2, 1400, 1520)
('MUS497', 22, 2, 1230, 1350, 2, 1230, 1350)
('ASL493', 38, 2, 1000, 1120, 2, 1000, 1120)
 User 7 535e96c872696e05c1af0000
('JPN101', 28, 2, 1000, 1120, 5, 1000, 1120)
('BUS495', 19, 5, 1230, 1350, 5, 1230, 1350)
('WGS365', 29, 2, 1700, 1820, 2, 1700, 1820)
(-1, 'EMPTY', 0, 0, 0, 0, 0, 0, 0)
 User 8 535e96c872696e05c1b00000
('COM442', 53, 1, 1230, 1350, 3, 1230, 1350)
('PHL421', 41, 1, 1700, 1820, 1, 1700, 1820)
('PER251', 18, 4, 1700, 1820, 4, 1700, 1820)
('MUS497', 22, 2, 1230, 1350, 2, 1230, 1350)
 User 9 535e96c872696e05c1b10000
('WGS365', 29, 2, 1700, 1820, 2, 1700, 1820)
('COM442', 53, 1, 1230, 1350, 3, 1230, 1350)
('MUS224', 14, 2, 1400, 1520, 2, 1400, 1520)
('ASL493', 38, 2, 1000, 1120, 2, 1000, 1120)
 User 10 535e96c872696e05c1b20000
('MUS406', 5, 2, 1700, 1820, 2, 1700, 1820)
('ENGL508', 11, 3, 1400, 1520, 3, 1400, 1520)
('MUS421', 6, 1, 1230, 1350, 4, 1230, 1350)
('ENG342', 2, 4, 1700, 1820, 4, 1700, 1820)
 User 11 535e96c872696e05c1b30000
('COM442', 53, 1, 1230, 1350, 3, 1230, 1350)
('MUS497', 22, 2, 1230, 1350, 2, 1230, 1350)
('CSC307', 21, 1, 1400, 1520, 1, 1400, 1520)
('PHY426', 45, 4, 1230, 1350, 4, 1230, 1350)
 User 12 535e96c872696e05c1b40000
('ENG342', 2, 4, 1700, 1820, 4, 1700, 1820)
('BUS495', 19, 5, 1230, 1350, 5, 1230, 1350)
('MUS224', 14, 2, 1400, 1520, 2, 1400, 1520)
('PHY426', 45, 4, 1230, 1350, 4, 1230, 1350)
 User 13 535e96c872696e05c1b50000
('COM242', 49, 1, 1700, 1820, 4, 1700, 1820)
('JPN102', 32, 1, 1400, 1520, 1, 1400, 1520)
('JPN101', 28, 2, 1000, 1120, 5, 1000, 1120)
('PHY426', 45, 4, 1230, 1350, 4, 1230, 1350)
 User 14 535e96c872696e05c1b60000
('CSC307', 21, 1, 1400, 1520, 1, 1400, 1520)
('JPN102', 33, 1, 1230, 1350, 3, 1230, 1350)
('COM442', 54, 1, 1000, 1120, 1, 1000, 1120)
('COM242', 49, 1, 1700, 1820, 4, 1700, 1820)
 User 15 535e96c872696e05c1b70000
('JPN102', 32, 1, 1400, 1520, 1, 1400, 1520)
('HIS372', 12, 2, 1400, 1520, 2, 1400, 1520)
('BUS495', 19, 5, 1230, 1350, 5, 1230, 1350)
('ASL493', 38, 2, 1000, 1120, 2, 1000, 1120)
 User 16 535e96c872696e05c1b80000
('MUS497', 22, 2, 1230, 1350, 2, 1230, 1350)
('AAS201', 40, 2, 1400, 1520, 2, 1400, 1520)
('MUS406', 5, 2, 1700, 1820, 2, 1700, 1820)
('MUS421', 6, 1, 1230, 1350, 4, 1230, 1350)
 User 17 535e96c872696e05c1b90000
('ECED501', 1, 2, 1000, 1120, 2, 1000, 1120)
('COM242', 49, 1, 1700, 1820, 4, 1700, 1820)
(-1, 'EMPTY', 0, 0, 0, 0, 0, 0, 0)
(-1, 'EMPTY', 0, 0, 0, 0, 0, 0, 0)
 User 18 535e96c872696e05c1ba0000
('JPW310', 34, 4, 1230, 1350, 4, 1230, 1350)
('AAH320', 25, 4, 1400, 1520, 4, 1400, 1520)
('PHY426', 46, 5, 1000, 1120, 5, 1000, 1120)
('ENGL508', 11, 3, 1400, 1520, 3, 1400, 1520)
 User 19 535e96c872696e05c1bb0000
('NURS665', 10, 2, 1400, 1520, 2, 1400, 1520)
('ENG342', 2, 4, 1700, 1820, 4, 1700, 1820)
(-1, 'EMPTY', 0, 0, 0, 0, 0, 0, 0)
(-1, 'EMPTY', 0, 0, 0, 0, 0, 0, 0)
 User 20 535e96c872696e05c1bc0000
('PER251', 17, 1, 1230, 1350, 1, 1230, 1350)
('AAS201', 40, 2, 1400, 1520, 2, 1400, 1520)
('ENG342', 2, 4, 1700, 1820, 4, 1700, 1820)
('PHL421', 42, 4, 1000, 1120, 4, 1000, 1120)
 User 21 535e96c872696e05c1bd0000
('MUS497', 22, 2, 1230, 1350, 2, 1230, 1350)
('MUS224', 14, 2, 1400, 1520, 2, 1400, 1520)
('BUS495', 19, 5, 1230, 1350, 5, 1230, 1350)
('JPN101', 28, 2, 1000, 1120, 5, 1000, 1120)
 User 22 535e96c872696e05c1be0000
('MUS421', 6, 1, 1230, 1350, 4, 1230, 1350)
('AAH391', 0, 1, 1000, 1120, 4, 1000, 1120)
('ASL493', 37, 2, 1400, 1520, 5, 1400, 1520)
('ECED501', 1, 2, 1000, 1120, 2, 1000, 1120)
 User 23 535e96c872696e05c1bf0000
('JPN102', 32, 1, 1400, 1520, 1, 1400, 1520)
('ASL493', 37, 2, 1400, 1520, 5, 1400, 1520)
('WGS365', 29, 2, 1700, 1820, 2, 1700, 1820)
('PHL421', 41, 1, 1700, 1820, 1, 1700, 1820)
 User 24 535e96c872696e05c1c00000
('AAS201', 40, 2, 1400, 1520, 2, 1400, 1520)
('PHY426', 45, 4, 1230, 1350, 4, 1230, 1350)
('ENGL508', 11, 3, 1400, 1520, 3, 1400, 1520)
('COM442', 53, 1, 1230, 1350, 3, 1230, 1350)
 User 25 535e96c872696e05c1c10000
('CSC307', 21, 1, 1400, 1520, 1, 1400, 1520)
('MUS224', 14, 2, 1400, 1520, 2, 1400, 1520)
('MUS497', 22, 2, 1230, 1350, 2, 1230, 1350)
('ENG342', 2, 4, 1700, 1820, 4, 1700, 1820)
 User 26 535e96c872696e05c1c20000
('ASL493', 37, 2, 1400, 1520, 5, 1400, 1520)
('COM242', 49, 1, 1700, 1820, 4, 1700, 1820)
('COM442', 53, 1, 1230, 1350, 3, 1230, 1350)
('CSC307', 21, 1, 1400, 1520, 1, 1400, 1520)
 User 27 535e96c872696e05c1c30000
('WGS365', 29, 2, 1700, 1820, 2, 1700, 1820)
('JPN101', 28, 2, 1000, 1120, 5, 1000, 1120)
('ENG342', 2, 4, 1700, 1820, 4, 1700, 1820)
('BUS495', 19, 5, 1230, 1350, 5, 1230, 1350)
 User 28 535e96c872696e05c1c40000
('MUS224', 14, 2, 1400, 1520, 2, 1400, 1520)
('PHED610', 15, 1, 1400, 1520, 3, 1400, 1520)
('JPN102', 33, 1, 1230, 1350, 3, 1230, 1350)
('JPW310', 34, 4, 1230, 1350, 4, 1230, 1350)
 User 29 535e96c872696e05c1c50000
('ENGL508', 11, 3, 1400, 1520, 3, 1400, 1520)
('JPN102', 32, 1, 1400, 1520, 1, 1400, 1520)
('ASL493', 37, 2, 1400, 1520, 5, 1400, 1520)
('PHL421', 43, 3, 1700, 1820, 3, 1700, 1820)
