535706d072616707ab2d0000
('AAV338', 5, 3, 1000, 1120, 3, 1000, 1120)
('AAV385', 15, 2, 1400, 1520, 2, 1400, 1520)
('AAV275', 0, 2, 1000, 1120, 2, 1000, 1120)
('AAV355', 13, 1, 1200, 1320, 1, 1200, 1320)
535706d072616707ab2e0000
('AAV311', 3, 2, 1000, 1120, 2, 1000, 1120)
('AAV338', 5, 3, 1000, 1120, 3, 1000, 1120)
('AAV275', 1, 1, 1000, 1120, 3, 1000, 1120)
('AAV352', 9, 2, 1700, 1820, 2, 1700, 1820)
535706d072616707ab2f0000
('AAV370', 14, 1, 1000, 1120, 1, 1000, 1120)
('AAV352', 9, 2, 1700, 1820, 2, 1700, 1820)
('AAV311', 3, 2, 1000, 1120, 2, 1000, 1120)
('AAV385', 15, 2, 1400, 1520, 2, 1400, 1520)
535706d072616707ab300000
('AAV342', 8, 2, 1200, 1320, 5, 1200, 1320)
('AAV355', 13, 1, 1200, 1320, 1, 1200, 1320)
('AAV354', 11, 2, 1400, 1520, 2, 1400, 1520)
('AAV353', 10, 4, 1700, 1820, 4, 1700, 1820)
535706d072616707ab310000
('AAV355', 13, 1, 1200, 1320, 1, 1200, 1320)
(-1, 'EMPTY', 0, 0, 0, 0, 0, 0, 0)
(-1, 'EMPTY', 0, 0, 0, 0, 0, 0, 0)
(-1, 'EMPTY', 0, 0, 0, 0, 0, 0, 0)
535706d072616707ab320000
('AAV338', 5, 3, 1000, 1120, 3, 1000, 1120)
(-1, 'EMPTY', 0, 0, 0, 0, 0, 0, 0)
(-1, 'EMPTY', 0, 0, 0, 0, 0, 0, 0)
(-1, 'EMPTY', 0, 0, 0, 0, 0, 0, 0)
535706d072616707ab330000
('AAV338', 5, 3, 1000, 1120, 3, 1000, 1120)
(-1, 'EMPTY', 0, 0, 0, 0, 0, 0, 0)
(-1, 'EMPTY', 0, 0, 0, 0, 0, 0, 0)
(-1, 'EMPTY', 0, 0, 0, 0, 0, 0, 0)
535706d072616707ab340000
('AAV311', 3, 2, 1000, 1120, 2, 1000, 1120)
('AAV370', 14, 1, 1000, 1120, 1, 1000, 1120)
('AAV385', 15, 2, 1400, 1520, 2, 1400, 1520)
('AAV338', 5, 3, 1000, 1120, 3, 1000, 1120)
535706d072616707ab350000
('AAV275', 0, 2, 1000, 1120, 2, 1000, 1120)
('AAV338', 5, 3, 1000, 1120, 3, 1000, 1120)
('AAV311', 4, 2, 1700, 1820, 2, 1700, 1820)
('AAV370', 14, 1, 1000, 1120, 1, 1000, 1120)
535706d072616707ab360000
('AAV338', 5, 3, 1000, 1120, 3, 1000, 1120)
(-1, 'EMPTY', 0, 0, 0, 0, 0, 0, 0)
(-1, 'EMPTY', 0, 0, 0, 0, 0, 0, 0)
(-1, 'EMPTY', 0, 0, 0, 0, 0, 0, 0)
535706d072616707ab370000
('AAV311', 3, 2, 1000, 1120, 2, 1000, 1120)
('AAV352', 9, 2, 1700, 1820, 2, 1700, 1820)
('AAV338', 5, 3, 1000, 1120, 3, 1000, 1120)
('AAV354', 11, 2, 1400, 1520, 2, 1400, 1520)
535706d072616707ab380000
('AAV353', 10, 4, 1700, 1820, 4, 1700, 1820)
('AAV355', 13, 1, 1200, 1320, 1, 1200, 1320)
('AAV354', 11, 2, 1400, 1520, 2, 1400, 1520)
('AAV342', 8, 2, 1200, 1320, 5, 1200, 1320)
535706d072616707ab390000
('AAV354', 11, 2, 1400, 1520, 2, 1400, 1520)
('AAV311', 3, 2, 1000, 1120, 2, 1000, 1120)
('AAV355', 13, 1, 1200, 1320, 1, 1200, 1320)
('AAV385', 16, 1, 1700, 1820, 4, 1700, 1820)
535706d072616707ab3a0000
('AAV311', 3, 2, 1000, 1120, 2, 1000, 1120)
('AAV342', 8, 2, 1200, 1320, 5, 1200, 1320)
('AAV353', 10, 4, 1700, 1820, 4, 1700, 1820)
('AAV385', 15, 2, 1400, 1520, 2, 1400, 1520)
535706d072616707ab3b0000
('AAV355', 13, 1, 1200, 1320, 1, 1200, 1320)
('AAV275', 0, 2, 1000, 1120, 2, 1000, 1120)
('AAV353', 10, 4, 1700, 1820, 4, 1700, 1820)
('AAV311', 4, 2, 1700, 1820, 2, 1700, 1820)
535706d072616707ab3c0000
('AAV311', 3, 2, 1000, 1120, 2, 1000, 1120)
('AAV385', 15, 2, 1400, 1520, 2, 1400, 1520)
('AAV355', 13, 1, 1200, 1320, 1, 1200, 1320)
('AAV275', 1, 1, 1000, 1120, 3, 1000, 1120)
535706d072616707ab3d0000
('AAV353', 10, 4, 1700, 1820, 4, 1700, 1820)
('AAV355', 13, 1, 1200, 1320, 1, 1200, 1320)
('AAV311', 3, 2, 1000, 1120, 2, 1000, 1120)
('AAV370', 14, 1, 1000, 1120, 1, 1000, 1120)
535706d072616707ab3e0000
('AAV311', 3, 2, 1000, 1120, 2, 1000, 1120)
('AAV385', 15, 2, 1400, 1520, 2, 1400, 1520)
('AAV353', 10, 4, 1700, 1820, 4, 1700, 1820)
('AAV342', 8, 2, 1200, 1320, 5, 1200, 1320)
535706d072616707ab3f0000
('AAV353', 10, 4, 1700, 1820, 4, 1700, 1820)
('AAV370', 14, 1, 1000, 1120, 1, 1000, 1120)
('AAV352', 9, 2, 1700, 1820, 2, 1700, 1820)
('AAV338', 5, 3, 1000, 1120, 3, 1000, 1120)
535706d072616707ab400000
('AAV370', 14, 1, 1000, 1120, 1, 1000, 1120)
('AAV354', 11, 2, 1400, 1520, 2, 1400, 1520)
('AAV353', 10, 4, 1700, 1820, 4, 1700, 1820)
('AAV354', 12, 3, 1200, 1320, 3, 1200, 1320)
535706d072616707ab410000
('AAV370', 14, 1, 1000, 1120, 1, 1000, 1120)
('AAV385', 15, 2, 1400, 1520, 2, 1400, 1520)
(-1, 'EMPTY', 0, 0, 0, 0, 0, 0, 0)
(-1, 'EMPTY', 0, 0, 0, 0, 0, 0, 0)
535706d072616707ab420000
('AAV342', 8, 2, 1200, 1320, 5, 1200, 1320)
('AAV353', 10, 4, 1700, 1820, 4, 1700, 1820)
('AAV352', 9, 2, 1700, 1820, 2, 1700, 1820)
('AAV275', 0, 2, 1000, 1120, 2, 1000, 1120)
535706d072616707ab430000
('AAV353', 10, 4, 1700, 1820, 4, 1700, 1820)
('AAV354', 11, 2, 1400, 1520, 2, 1400, 1520)
('AAV352', 9, 2, 1700, 1820, 2, 1700, 1820)
('AAV370', 14, 1, 1000, 1120, 1, 1000, 1120)
535706d072616707ab440000
('AAV338', 5, 3, 1000, 1120, 3, 1000, 1120)
('AAV354', 11, 2, 1400, 1520, 2, 1400, 1520)
('AAV370', 14, 1, 1000, 1120, 1, 1000, 1120)
('AAV275', 0, 2, 1000, 1120, 2, 1000, 1120)
535706d072616707ab450000
('AAV311', 3, 2, 1000, 1120, 2, 1000, 1120)
('AAV385', 15, 2, 1400, 1520, 2, 1400, 1520)
('AAV370', 14, 1, 1000, 1120, 1, 1000, 1120)
('AAV352', 9, 2, 1700, 1820, 2, 1700, 1820)
535706d072616707ab460000
('AAV370', 14, 1, 1000, 1120, 1, 1000, 1120)
('AAV275', 0, 2, 1000, 1120, 2, 1000, 1120)
('AAV338', 5, 3, 1000, 1120, 3, 1000, 1120)
('AAV355', 13, 1, 1200, 1320, 1, 1200, 1320)
535706d072616707ab470000
('AAV352', 9, 2, 1700, 1820, 2, 1700, 1820)
('AAV385', 15, 2, 1400, 1520, 2, 1400, 1520)
('AAV354', 12, 3, 1200, 1320, 3, 1200, 1320)
('AAV275', 0, 2, 1000, 1120, 2, 1000, 1120)
535706d072616707ab480000
('AAV354', 11, 2, 1400, 1520, 2, 1400, 1520)
('AAV385', 16, 1, 1700, 1820, 4, 1700, 1820)
('AAV311', 3, 2, 1000, 1120, 2, 1000, 1120)
('AAV342', 8, 2, 1200, 1320, 5, 1200, 1320)
535706d072616707ab490000
('AAV338', 5, 3, 1000, 1120, 3, 1000, 1120)
('AAV370', 14, 1, 1000, 1120, 1, 1000, 1120)
('AAV342', 8, 2, 1200, 1320, 5, 1200, 1320)
('AAV352', 9, 2, 1700, 1820, 2, 1700, 1820)
535706d072616707ab4a0000
('AAV338', 5, 3, 1000, 1120, 3, 1000, 1120)
('AAV311', 3, 2, 1000, 1120, 2, 1000, 1120)
('AAV370', 14, 1, 1000, 1120, 1, 1000, 1120)
('AAV355', 13, 1, 1200, 1320, 1, 1200, 1320)
